Annual phosphorus network data Chesapeake Bay mgN/m2.annmean                                                1
 36 33
phytoplankton            
suspended attached bacter
sediment bacteria        
benthic algae            
free living bacteria     
heterotr. microflagellate
microzooplankton         
mesozooplankton          
ctenophores              
seanettles               
other suspension feeders 
Mya                      
oysters                  
other polychaetes        
Nereis                   
Macoma                   
meiofauna                
deposit feeding crustacea
blue crab                
fish larvae              
alewife &blue herring    
bay anchovy              
menhaden                 
shad                     
croaker                  
hogchoaker               
spot                     
white perch              
catfish                  
blue fish                
weakfish
summer flounder                           
striped bass             
DIP/DOP                  
suspended PP             
sediment PP              
  1  .6890000E+02
  2  .4747500E+01
  3  .1325000E+02
  4  .4452500E+01
  5  .2314000E+02
  6  .9775000E+00
  7  .3605000E+01
  8  .3950000E+01
  9  .2150000E+00
 10  .3750025E-01
 11  .4162500E+01
 12  .1267500E+01
 13  .1264000E+02
 14  .4954500E+02
 15  .3932500E+01
 16  .2172250E+02
 17  .1163000E+02
 18  .8292500E+01
 19  .9377500E+01
 20  .5250026E-02
 21  .5950000E-01
 22  .3787500E+01
 23  .1385000E+01
 24  .2500025E-01
 25  .4750000E-01
 26  .4575000E+00
 27  .1870000E+01
 28  .1287500E+01
 29  .1177500E+01
 30  .1025000E+00
 31  .3575000E+00
 32  .1875000E+00
 33  .2250000E+00
 34  .1468125E+03
 35  .1286250E+03
 36  .1350175E+05
 -1
 10  .3000000E-07
 20  .3000000E-07
 24  .2000000E-07
 25  .1000000E-07
 27  .1000000E-07
 30  .1000000E-07
 31  .1000000E-07
 32  .1000000E-07
 33  .1000000E-07
 34  .6900060E+04
 35  .5727100E+03
 36  .1929550E+04
 -1
  1  .2885420E+04
  8  .5015300E+03
 10  .3000000E-07
 12  .5660000E+01
 13  .3469520E+02
 19  .4874000E+02
 20  .4700003E-01
 21  .2080000E+00
 22  .1320870E+02
 23  .9548000E+00
 24  .4600002E-01
 25  .6500001E-01
 26  .8250000E+00
 27  .4019000E+01
 28  .1253000E+01
 29  .1801000E+01
 30  .1200000E+00
 31  .5654000E+00
 32  .2073000E+00
 33  .2270000E+00
 34  .2480600E+03
 35  .2235430E+04
 36  .3419360E+04
 -1
 -1
  1  7  .4673600E+03
  1  8  .8808300E+03
  1 11  .5381000E+02
  1 12  .2559640E+02
  1 13  .5774000E+02
  1 22  .3770000E+01
  1 23  .2570000E+00
  1 35  .4359580E+04
  2  7  .8641000E+02
  2  8  .2958000E+02
  2  9  .2844400E+01
  2 11  .1480000E+01
  2 12  .7499999E+00
  2 13  .4440000E+01
  2 22  .8700000E+00
  2 23  .1840000E+00
  2 34  .2434200E+03
  2 36  .6335400E+03
  3 14  .6018890E+04
  3 15  .1022710E+04
  3 16  .7814700E+03
  3 17  .1161700E+04
  3 18  .3272800E+03
  3 19  .1396550E+03
  3 34  .2980020E+04
  3 36  .7614884E+04
  4 17  .3289000E+03
  4 36  .9268000E+03
  5  6  .1460950E+04
  5 34  .1819380E+04
  5 35  .2883050E+04
  6  7  .5630500E+03
  6 34  .4382700E+03
  6 35  .4596300E+03
  7  8  .1829200E+03
  7  9  .2900000E+02
  7 11  .7040000E+01
  7 12  .3820000E+01
  7 13  .6080000E+01
  7 34  .1612600E+03
  7 35  .9114700E+03
  8  9  .1199256E+03
  8 10  .8510000E+01
  8 20  .6920000E-01
  8 21  .3400000E+00
  8 22  .1510000E+02
  8 23  .1723800E+01
  8 24  .8000000E-01
  8 34  .2495400E+03
  8 35  .2889200E+03
  9 10  .1183000E+02
  9 34  .2628000E+02
  9 35  .1289800E+03
  9 36  .1300000E+02
 10 34  .6310000E+01
 10 35  .1002000E+02
 10 36  .4010000E+01
 11 19  .1516000E+02
 11 34  .3051000E+02
 11 36  .3889000E+02
 12 19  .2320000E+01
 12 26  .1100000E+00
 12 34  .1586000E+02
 12 36  .1957000E+02
 13 34  .3197000E+02
 13 36  .2243000E+02
 14 25  .6000000E-01
 14 26  .9399999E+00
 14 27  .4750000E+01
 14 28  .2080000E+01
 14 29  .2150000E+01
 14 34  .1806080E+04
 14 36  .4202830E+04
 15 19  .2578000E+02
 15 25  .5400000E-01
 15 26  .2300000E+00
 15 27  .1350000E+01
 15 28  .1425700E+01
 15 29  .2900000E+00
 15 34  .3055400E+03
 15 36  .6880400E+03
 16 19  .8928200E+02
 16 27  .3329000E+00
 16 34  .2813300E+03
 16 36  .4105400E+03
 17 34  .6137601E+03
 17 36  .8761799E+03
 18 19  .7100000E+02
 18 25  .5200000E-01
 18 26  .2760000E+00
 18 29  .4700000E+00
 18 32  .3200000E-01
 18 34  .2269300E+03
 18 36  .2853000E+02
 19 19  .1399000E+02
 19 33  .2000000E-01
 19 34  .2490200E+03
 19 36  .4540000E+02
 20 34  .2000000E-01
 20 36  .2000000E-02
 21 33  .4000000E-02
 21 34  .1190000E+00
 21 36  .1300000E-01
 22 27  .3390000E+00
 22 28  .4140000E+00
 22 30  .1160000E+00
 22 31  .1741000E+01
 22 32  .2260000E+00
 22 33  .2730000E+00
 22 34  .6636000E+01
 22 36  .9590000E+00
 23 30  .6200000E-01
 23 31  .4200000E-01
 23 32  .7100000E-01
 23 33  .1320000E+00
 23 34  .1100000E+01
 23 36  .1220000E+00
 24 34  .2300000E-01
 24 36  .3000000E-02
 25 34  .4800000E-01
 25 36  .5000000E-02
 26 34  .6430000E+00
 26 36  .7099999E-01
 27 30  .7100000E-01
 27 34  .2421000E+01
 27 36  .2690000E+00
 28 34  .2389000E+01
 28 36  .2650000E+00
 29 34  .9930000E+00
 29 36  .1120000E+00
 30 34  .1180000E+00
 30 36  .1300000E-01
 31 32  .6800000E-01
 31 34  .9970000E+00
 31 36  .1110000E+00
 32 34  .1880000E+00
 32 36  .2100000E-01
 33 34  .1820000E+00
 33 36  .2000000E-01
 34  1  .8734310E+04
 34  4  .1255700E+04
 34  5  .6163340E+04
 35  2  .1003470E+04
 35  7  .1847800E+03
 35  8  .9240000E+02
 35  9  .2832100E+02
 35 11  .2152000E+02
 35 12  .1335000E+02
 35 13  .2083000E+02
 35 22  .4170000E+01
 35 23  .3447000E+00
 35 36  .6009780E+04
 36  3  .2004661E+05
 -1 -1  .0000000E+00

