CFRE HB SUMMER; HINES&LISA&SONG&TOBIAS&BORRETT, ECSS; NMOLN/CM3/D;
 14  2
W-NH4
W-NOx
W-M
W-ON
S-NH4
S-NOx
S-M
S-ON
G-AMX5
G-AMX6
G-DNT6
G-BUR6
G-BUR7
G-BUR8
  1 1.05e+01
  2 2.76e+01
  3 1.00e-03
  4 5.40e-01
  5 6.83e+02
  6 4.19e+00
  7 1.00e-02
  8 7.11e+03
  9 1.00e+00
 10 1.00e+00
 11 1.00e+00
 12 1.00e+00
 13 1.00e+00
 14 1.00e+00
 -1              \IMPORTS
  1 1.30e+02
  2 1.02e+03
  3 3.90e-05
  4 1.16e+03
  5 1.24e+03
  6 1.73e+02
  7 0.00e+00
  8 7.90e+01
  9 0.00e+00
 10 0.00e+00
 11 0.00e+00
 12 0.00e+00
 13 0.00e+00
 14 0.00e+00
 -1              \EXPORTS
  1 2.76e+02
  2 1.01e+03
  3 3.90e-05
  4 1.16e+03
  5 1.08e+03
  6 6.00e+00
  7 0.00e+00
  8 1.041e+02
  9 2.50e+00
 10 2.50e+00
 11 1.72e+02
 12 3.00e-01
 13 3.90e-07
 14 3.90e+00
 -1              \RESPIRATION
 -1              \FLOWS
  3  1 3.09e+00
  4  1 5.20e+00
  5  1 1.37e+02
  1  2 1.70e+00
  6  2 2.15e+00
  1  3 1.90e+00
  2  3 9.80e+00
  4  3 7.40e+00
  7  3 1.19e+02
  3  4 1.60e+01
  8  4 8.50e+02
  1  5 5.50e+00
  6  5 3.89e+01
  7  5 1.47e+02
  8  5 1.50e+02
  2  6 1.41e+01
  5  6 1.44e+02
  3  7 1.19e+02
  5  7 2.13e+02
  6  7 1.09e+02
  8  7 8.20e+01
  4  8 8.54e+02
  7  8 2.57e+02
  5  9 2.50e+00
  6 10 2.50e+00
  6 11 1.72e+02
  6 12 3.00e-01
  7 13 3.90e-07
  8 14 3.90e+00
 -1 -1

