Sheila PHD;g/m2                                                                 
 24 22
Phytoplankton
Bacteria
HMFlagellates
Microzoopl
Mesozoopl
Macrozoopl
Ichthyopl
Anchovy
Pilchard
Lanternfish
Gobies
HMackerel
Hake
Carni fish
Benthic fish
Snoek
DS crab
Squid
Jellies
Rocklobster
Seals
Birds
DOC
Susp POC
  1 14300
  2 2500
  3 1650
  4 90
  5 1000
  6 800
  7 0.2
  8 118
  9 255
 10 559
 11 419
 12 1117
 13 456
 14 225
 15 126.6
 16 59.1
 17 14.4
 18 11
 19 595.27
 20 0.6
 21 47.07
 22 1
 23 206250
 24 8805
 -1\IMPORTS
  1 1186.9
 15 1.5192
 17 0.3312
 20 0.0036
 -1\EXPORTS
  1 0
  2 0
  3 0
  4 0
  5 0
  6 0
  7 0
  8 0.077
  9 0.165
 10 0
 11 0
 12 0.699
 13 0.175
 14 0.039
 15 0.001
 16 0.002
 17 0.004
 18 0
 19 0
 20 0
 21 0.002
 22 0
 23 0
 24 0
 -1\RESPIRATION
  1 0
  2 286.25
  3 74.34898
  4 90.64889
  5 182
  6 34.536
  7 7.000001E-05
  8 1.77944
  9 9.3228
 10 4.61734
 11 2.16204
 12 9.583859
 13 0.3647998
 14 0.18
 15 0.10128
 16 1.21746
 17 0.217152
 18 1.5807
 19 84.23071
 20 0.0003359999
 21 1.285152
 22 0.19474
 23 0
 24 0
 -1\FLOWS
  1  5 301.49
  1  6 41.76
  1  7 0.0006
  1  8 1.229442
  1  9 5.43609
  1 11 5.30873
  1 19 112.64
  2  3 277.2
  3  4 111.3329
  4  5 63.51
  4  8 0.431526
  4  9 1.90179
  4 19 6.830723
  5  6 27.84
  5  8 3.240516
  5  9 4.74606
  5 10 4.2484
  5 12 20.21882
  5 13 3.731904
  5 14 2.0277
  5 19 10.44699
  5 22 0.00078
  6  8 3.240516
  6  9 4.74606
  6 10 6.3726
  6 11 0.55727
  6 12 5.266655
  6 13 0.968544
  6 14 0.5265
  6 16 1.249433
  6 18 2.468081
  6 19 2.678715
  6 22 0.01118
  8 13 0.02736
  8 14 0.0162
  8 16 0.0351054
  8 21 0.276348
  8 22 0.0572
  9 13 0.05472
  9 14 0.0297
  9 16 0.0734022
  9 21 0.5768428
  9 22 0.00286
 10 12 0.205528
 10 13 0.038304
 10 14 0.0189
 10 16 0.0462753
 10 18 0.092785
 10 21 0.3648867
 10 22 0.01378
 11 13 0.021888
 11 14 0.0108
 11 16 0.0255312
 11 21 0.2012243
 11 22 0.12142
 12 13 0.087552
 12 14 0.0486
 12 16 0.1148904
 12 21 0.8907526
 12 22 0.0013
 13 13 0.016416
 13 14 0.0081
 13 16 0.0191484
 13 18 0.037114
 13 21 0.1502474
 13 22 0.02678
 14 13 0.005472
 14 14 0.0027
 14 16 0.0095742
 14 18 0.018557
 14 21 0.07512372
 14 22 0.0117
 15 13 0.005472
 15 14 0.0027
 15 16 0.0047871
 15 18 0.010604
 15 21 0.04292784
 16 21 0.01073196
 16 22 0.00078
 17 13 0.005472
 17 14 0.0027
 17 16 0.0047871
 18 13 0.010944
 18 14 0.0054
 18 16 0.0127656
 18 18 0.023859
 18 21 0.09390465
 18 22 0.01144
 19 13 0.497952
 19 19 1.339357
 21 22 0.00052
 22 22 0.00026
 -1 -1
