ANNUAL NITROGEN Model Data, CHESAPEAKE BAY  mgC/m2/annmean                                       1
 36 33
PHYTOPLANKTON
BACTERIA IN SUSPENDED PON
BACTERIA IN SEDIMENT PON
BENTHIC DIATOMS
FREE BACTERIA
HETEROTROPHIC MICROFLAGELLATES
MICROZOOPLANKTON
ZOOPLANKTON
CTENOPHORES
SEANETTLE
OTHER SUSPENSION FEEDERS
MYA ARENARIA
OYSTERS
OTHER POLYCHAETES
NEREIS
MACOMA SPP
MEIOFAUNA
CRUSTACEAN DEPOSIT FEEDERS
BLUE CRAB
FISH LARVAE
ALEWIFE AND BLUE HERRING
BAY ANCHOVY
MENHADEN
SHAD
CROAKER
HOGCHOKER
SPOT
WHITE PERCH
CATFISH
BLUE FISH
WEAK FISH
SUMMER FLOUNDER
STRIPED BASS
DISSOLVED ORGANIC NITROGEN
SUSPENDED PARTICULATE ORGANIC NITROGEN
SEDIMENT PARTICULATE ORGANIC NITROGEN
  1  .4557500E+03
  2  .1580000E+02
  3  .1191750E+03
  4  .2858750E+02
  5  .7810000E+02
  6  .7800000E+01
  7  .3390000E+02
  8  .4497500E+02
  9  .3050000E+01
 10  .5250000E+00
 11  .7739999E+02
 12  .2342500E+02
 13  .2565000E+03
 14  .4287000E+03
 15  .3380000E+02
 16  .4212500E+03
 17  .3712500E+02
 18  .5400000E+02
 19  .6110000E+02
 20  .3595000E-01
 21  .3885000E+00
 22  .2619500E+02
 23  .9006750E+01
 24  .1520000E+00
 25  .3125000E+00
 26  .2960000E+01
 27  .1215250E+02
 28  .8370000E+01
 29  .7651500E+01
 30  .3600000E+00
 31  .1008000E+01
 32  .7090000E+00
 33  .7040000E+00
 34  .6505000E+04
 35  .1254650E+04
 36  .4839900E+05
 -1
 10  .3000000E-07
 20  .3000000E-07
 24  .2000000E-07
 25  .1000000E-07
 27  .1000000E-07
 30  .1000000E-07
 31  .1000000E-07
 32  .1000000E-07
 33  .1000000E-07
 34  .6275205E+05
 35  .1067848E+05
 -1
  1  .1700928E+05
  8  .5091810E+04
 10  .3000000E-07
 12  .1051091E+03
 13  .6582400E+03
 19  .3049336E+03
 20  .2760000E+00
 21  .1465000E+01
 22  .3799020E+02
 23  .3344690E+02
 24  .3680000E+00
 25  .5480000E+00
 26  .4755000E+01
 27  .2370310E+02
 28  .7332000E+01
 29  .1173200E+02
 30  .7794000E+00
 31  .2818900E+01
 32  .1341800E+01
 33  .1157000E+01
 34  .6188930E+04
 35  .3738100E+04
 36  .3397748E+05
 -1
  3  .2392000E+03
 34  .5680640E+04
 36  .3091200E+03
 -1
  1  7  .3271680E+04
  1  8  .5893320E+04
  1 11  .4924700E+03
  1 12  .2387000E+03
  1 13  .7780740E+03
  1 22  .4473420E+02
  1 23  .3677700E+01
  1 35  .2756706E+05
  2  7  .7174000E+02
  2  8  .3673000E+02
  2  9  .2750000E+01
  2 11  .1009000E+02
  2 12  .8220000E+01
  2 13  .1374000E+02
  2 22  .3650000E+01
  2 23  .2750000E+01
  2 34  .1604780E+04
  2 35  .4931200E+03
  2 36  .1918250E+04
  3 14  .1213891E+05
  3 15  .1793800E+04
  3 16  .5589810E+04
  3 17  .4085670E+04
  3 18  .2305960E+04
  3 19  .3682000E+03
  3 34  .1459030E+05
  3 36  .2460636E+05
  4 17  .2077170E+04
  4 36  .5982490E+04
  5  6  .9410770E+04
  5 34  .5968200E+04
  5 35  .8333430E+04
  6  7  .6094000E+04
  6 34  .1224380E+04
  6 35  .2092390E+04
  7  8  .1720720E+04
  7  9  .2809811E+03
  7 11  .6522000E+02
  7 12  .3122000E+02
  7 13  .6944000E+02
  7 34  .1008850E+04
  7 35  .8543589E+04
  8  9  .8249111E+03
  8 20  .1481200E+01
  8 21  .6216600E+01
  8 22  .3400134E+03
  8 23  .6228830E+02
  8 24  .1380000E+01
  8 34  .1604900E+04
  8 35  .2741900E+04
  9 10  .1416800E+03
  9 34  .1181800E+03
  9 35  .7750800E+03
  9 36  .2059200E+03
 10 34  .3036000E+02
 10 35  .5520000E+02
 10 36  .5612000E+02
 11 19  .1557000E+03
 11 34  .1883000E+03
 11 36  .5058900E+03
 12 19  .5958000E+02
 12 26  .1550900E+01
 12 34  .6410000E+02
 12 36  .1882000E+03
 13 34  .5767000E+03
 13 36  .2091700E+03
 14 25  .1737400E+01
 14 26  .1441760E+02
 14 27  .8128800E+02
 14 28  .4257800E+02
 14 29  .3609180E+02
 14 34  .9225000E+03
 14 36  .1104029E+05
 15 19  .1473100E+03
 15 25  .5483000E+00
 15 26  .3439500E+01
 15 27  .2323900E+02
 15 28  .2744900E+02
 15 29  .5345800E+01
 15 34  .8220000E+02
 15 36  .1504272E+04
 16 19  .1308920E+04
 16 27  .5695000E+01
 16 34  .1045400E+04
 16 36  .3229794E+04
 17 34  .3682720E+04
 17 36  .2480120E+04
 18 19  .2885500E+03
 18 25  .6380000E-01
 18 26  .2561200E+01
 18 29  .7558800E+01
 18 32  .2114000E+00
 18 34  .1455800E+04
 18 36  .5512884E+03
 19 19  .8706001E+02
 19 33  .3864000E+00
 19 34  .1595140E+04
 19 36  .4278000E+03
 20 34  .6440000E+00
 20 36  .5244000E+00
 21 33  .2760000E-01
 21 34  .2710000E+01
 21 36  .2014000E+01
 22 27  .4133000E+01
 22 28  .8976000E+01
 22 30  .7793000E+00
 22 31  .2710390E+02
 22 32  .4431000E+01
 22 33  .4684600E+01
 22 34  .1916553E+03
 22 36  .1506940E+03
 23 30  .5867000E+00
 23 32  .2215200E+01
 23 33  .2296600E+01
 23 34  .2743700E+02
 23 35  .4500000E+00
 23 36  .1771400E+02
 24 34  .6440000E+00
 24 36  .3680000E+00
 25 34  .1372100E+01
 25 36  .4570000E+00
 26 34  .1281100E+02
 26 36  .4394000E+01
 27 30  .2842900E+01
 27 34  .6539800E+02
 27 36  .2241200E+02
 28 34  .6462600E+02
 28 36  .7067000E+01
 29 34  .2714460E+02
 29 36  .1011880E+02
 30 34  .2760500E+01
 30 36  .6690000E+00
 31 32  .1295300E+01
 31 34  .1862980E+02
 31 36  .4359900E+01
 32 34  .5138500E+01
 32 36  .1681800E+01
 33 34  .4703500E+01
 33 36  .1479500E+01
 34  1  .5529893E+05
 34  4  .8059660E+04
 34  5  .2371240E+05
 35  2  .4165820E+04
 35  7  .2282600E+04
 35  8  .3024130E+04
 35  9  .1322166E+03
 35 11  .2820800E+03
 35 12  .1404400E+03
 35 13  .5828520E+03
 35 22  .4205540E+02
 35 23  .1545800E+02
 35 36  .4687495E+05
 36  3  .6571820E+05
 -1 -1  .0000000E+00

