Carbon: CHESAPEAKE BAY MESOHALINE NETWORK; MgC/M2/annual mean; Baird&Ulano 1989
 36 33  
Phytoplankton
Bacteria in Suspended POC
Bacteria in Sediment POC
Benthic Diatoms
Free Bacteria
Heterotrophic Microflagelates
Ciliates
Zooplankton
Ctenophores
Sea Nettle
Other Suspension Feeders
Mya arenaria
Oysters
Other Polychaetes
Nereis
Macoma spp.
Meiofauna
Crustacean Deposit Feeder
Blue Crab
Fish Larvae
Alewife & Blue Herring
Bay Anchovy
Menhaden
Shad
Croaker
Hogchoker
Spot
White Perch
Catfish
Bluefish
Weakfish
Summer Flounder
Striped Bass
Dissolved Organic Carbon
Suspended Particulate Carbon
Sediment Partculate Carbon
  1   .3480000+04
  2   .7900000+02
  3   .6000000+03
  4   .1772500+03
  5   .3905000+03
  6   .3900000+02
  7   .1487500+03
  8   .1975000+03
  9   .1925000+02
 10   .1750007+01
 11   .3637500+03
 12   .1100000+03
 13   .1100000+04
 14   .1186500+04
 15   .1132500+03
 16   .1890250+04
 17   .3375000+03
 18   .2280000+03
 19   .2750000+03
 20   .1000075+00
 21   .1150000+01
 22   .7275000+02
 23   .3152500+02
 24   .4500050+00
 25   .9500025+00
 26   .9000000+01
 27   .3500000+02
 28   .2547500+02
 29   .2237500+02
 30   .2250002+01
 31   .6300002+01
 32   .4425002+01
 33   .4400002+01
 34   .2185750+05
 35   .7631000+04
 36   .3050000+06
 -1  .0000000E+00
  1  .5226500E+06
  4  .7780300E+05
 34  .1031880E+06
 35  .1851504E+06
 -1  .0000000E+00
  8  .1872024E+05    
 12  .5331050E+03  
 13  .3133660E+04  
 19  .1325157E+04  
 20  .9376155E+00  
 21  .4063023E+01  
 22  .9618159E+02  
 23  .7683911E+01  
 24  .9376006E+00  
 25  .1334343E+01  
 26  .1221177E+02  
 27  .5579011E+02  
 28  .1947793E+02  
 29  .2852167E+02  
 30  .2362459E+01  
 31  .8336424E+01  
 32  .4237582E+01  
 33  .4616097E+01  
 -1  .0000000E+00
  1  .2395562E+06
  2  .1541945E+05
  3  .2773064E+06
  4  .2783200E+05
  5  .8414843E+05
  6  .4576663E+05
  7  .3728810E+05
  8  .4063130E+05
  9  .6698692E+04
 10  .1119406E+04
 11  .3455933E+04
 12  .1930280E+04
 13  .3243631E+04
 14  .1993952E+05
 15  .1400185E+04
 16  .2447717E+05
 17  .2138403E+05
 18  .7624739E+04
 19  .4297852E+04
 20  .6251083E+00
 21  .8751126E+01
 22  .7617415E+03
 23  .2268830E+03
 24  .1666960E+01
 25  .2585299E+01
 26  .2681465E+02
 27  .1293927E+03
 28  .4100617E+02
 29  .5879467E+02
 30  .4906655E+01
 31  .3157422E+02
 32  .8475175E+01
 33  .1015542E+02
 -1  .0000000E+00
  1  7  .3367145E+05
  1  8  .3944067E+05
  1 11  .4458031E+04
  1 12  .2415342E+04
  1 13  .4687355E+04
  1 22  .2940877E+03
  1 23  .2208312E+02
  1 34  .7883463E+05
  1 35  .1192701E+06
  2  7  .1443316E+04
  2  8  .1131006E+04
  2  9  .1241849E+03
  2 11  .1584640E+03
  2 12  .7102142E+02
  2 13  .1099190E+03
  2 22  .1334218E+02
  2 23  .5131606E+01
  2 35  .4179180E+04
  2 36  .9915289E+04
  3 14  .1348963E+06
  3 15  .2102110E+05
  3 16  .4808909E+05
  3 17  .3016274E+05
  3 18  .1180524E+05
  3 36  .1003137E+06
  4 17  .1808600E+05
  4 36  .3188500E+05
  5  6  .9101112E+05
  5 35  .6862686E+04
  6  7  .3245466E+05
  6 35  .1278983E+05
  7  8  .7850837E+04
  7  9  .3571585E+04
  7 11  .3013558E+03
  7 12  .1621086E+03
  7 13  .3159040E+03
  7 35  .4000965E+05
  8  9  .7165512E+04
  8 10  .1207448E+04
  8 20  .5104828E+01
  8 21  .2677430E+02
  8 22  .1598124E+04
  8 23  .2585752E+03
  8 24  .5417368E+01
  8 35  .2290505E+05
  9 10  .5725732E+03
  9 35  .6386473E+04
  9 36  .6088777E+03
 10 35  .4650319E+03
 10 36  .1955839E+03
 11 19  .5561747E+03
 11 36  .3570683E+04
 12 19  .2251819E+03
 12 26  .9426217E+01
 12 36  .1407648E+04
 13 36  .1594061E+04
 14 25  .6004372E+01
 14 26  .4920249E+02
 14 27  .2618573E+03
 14 28  .6337948E+02
 14 29  .1274261E+03
 14 36  .1144492E+06
 15 19  .2935468E+03
 15 25  .1751274E+01
 15 26  .1167516E+02
 15 27  .8089216E+02
 15 28  .4920245E+02
 15 29  .1884704E+02
 15 36  .1916502E+05
 16 19  .3784450E+04
 16 27  .4586706E+02
 16 36  .1978205E+05
 17 36  .2686476E+05
 18 19  .8064227E+03
 18 25  .2501829E+00
 18 26  .1167520E+02
 18 27  .1667886E+01
 18 29  .3594294E+02
 18 32  .7505485E+00
 18 36  .3323846E+04
 19 19  .2497562E+03
 19 33  .2045784E+01
 19 36  .1458474E+04
 20 36  .3542103E+01
 21 33  .2083602E+00
 21 36  .1375177E+02
 22 27  .1510978E+02
 22 28  .1521399E+02
 22 30  .2813546E+01
 22 31  .9524374E+02
 22 32  .1281727E+02
 22 33  .1792333E+02
 22 36  .1204615E+04
 23 30  .2699752E+01
 23 32  .8306931E+01
 23 33  .1100668E+02
 23 36  .1379989E+03
 24 36  .2812802E+01
 25 36  .4086427E+01
 26 36  .4295469E+02
 27 30  .8570167E+01
 27 36  .2116495E+03
 28 36  .6731846E+02
 29 36  .9490544E+02
 30 36  .6814786E+01
 31 32  .4480828E+01
 31 36  .5085218E+02
 32 36  .1364295E+02
 33 36  .1641279E+02
 34  5  .1820222E+06
 35  2  .3257030E+05
 35  7  .2193012E+05
 35  8  .4410102E+05
 35  9  .3405334E+04
 35 11  .2664946E+04
 35 12  .1457171E+04
 35 13  .2858202E+04
 35 22  .3161070E+03
 35 23  .1087901E+03
 35 36  .2886064E+06
 36  3  .6235944E+06
 36 19  .1417696E+04
 -1 -1  .0000000E+00
