CONE SPRING;  WILLIAMS & CROUTHAMEL (PATTEN VOL 1); KC/M-2/YR
  5  4
PLANTS
BACTERIA
DETRITUS FEEDERS
CARNIVORES
DETRITUS
  1  .1000000E+01
  2  .1000000E+01
  3  .1000000E+01
  4  .1000000E+01
  5  .1000000E+01
 -1 
  1  .1118400E+05
  5  .6350000E+03
 -1  
  1  .3000000E+03
  2  .2550000E+03
  5  .8600000E+03
 -1  
  1  .2003000E+04
  2  .3275000E+04
  3  .1814000E+04
  4  .2030000E+03
  5  .3109000E+04
 -1  
  1  5  .8881000E+04
  2  3  .7500000E+02
  2  5  .1600000E+04
  3  4  .3700000E+03
  3  5  .2000000E+03
  4  5  .1670000E+03
  5  2  .5205000E+04
  5  3  .2309000E+04
 -1 -1  